5.44538060903, 7.95401678651, 5.52228477823, 5.12543297523, 4.93633148743, 1.91469219309, 1.13541300747, -1.54756947408, -1.42306303316, 1.62119790748, 0.890945024439, -0.475816850776, -0.0413084992123, -2.16086246838, -2.08053919116, -2.07745069403, -1.73135813229, -1.88689648912, -3.48357208921, -5.13966479175, -3.95728340147, -3.16460241444, -1.44610123747, 1.36870742067, -0.846266566932, 1.26079834939, -0.288861218971, -0.0238770760409, -0.854005503263, 0.244513056181, -0.710695657545, -2.23919418749, 0.806988754492, -0.142653508301
9.36241189978, 8.69568839307, 9.61051046325, 11.9932848076, 8.99854668613, 7.14530104652, 5.82367927282, 4.05625185071, 2.69048425164, 2.50464416669, -0.0931240470513, 3.67536235174, 2.65739576244, 1.46115080134, 0.806328390297, -1.69933399227, -1.25512709486, -2.01972148684, 0.108052672461, 1.03061302153, 0.185066584225, 1.76382380016, 2.2860399131, 3.3266709798, 4.6336741826, 5.32115845939, 6.04136763349, 5.00446178471, 3.73736037785, 4.58043851439, 1.93416279238, 1.43075184005, 3.52771435473, 5.48521682569
8.78979022702, 5.1864984107, 8.11995909323, 9.22822248658, 5.66797229892, 4.29226462291, -0.877799975095, 0.358469597346, -1.27341886801, -1.31389287732, -1.51666294057, -0.728531064168, -0.853769823663, -0.802603705589, -0.323175339951, 1.7244306463, -1.76363864871, -0.974159698629, 0.737639967328, -2.21554176039, 0.617526479568, -0.115006099168, 2.3249983206, 1.63634488955, 2.01179325497, 2.39809735219, 3.68026208088, 1.79310514766, 3.57363192056, 3.58260467252, 2.66267336079, 5.10702933508, 5.73284197485, 4.3575733659
9.93481114048, 5.5530647793, 5.29560533159, 7.68681657423, 3.109433556, 0.244052226626, 3.63372609204, 2.16304199918, -2.06137224494, -1.86722501463, -0.561650647103, -2.59354057158, -3.80234149661, -3.29245287184, -3.93891564114, -2.14943369469, -4.43139214901, -3.20704608436, -3.49333726674, -3.03413494298, -4.21366034941, -2.89565878553, -3.46058164636, -0.631160240998, -2.63540387532, 0.156112460294, -1.8705213006, 0.567858753633, -0.898806909879, -0.97112094103, -0.693131302486, -1.28603703163, 0.0191928489889, 2.11041513064
12.4797412745, 7.56912429266, 2.78140015492, 5.31738332479, 3.09058744339, 0.567184779257, 0.576059230265, 0.578472054539, 1.00109751955, 0.0728006305887, -2.09731320154, -1.3368208914, 0.486876196672, -0.606480235694, -1.81392830901, -1.67156965625, -3.04430453323, -3.73193834667, -3.83068110226, -1.85552132424, -2.84326630107, -1.84780622929, -0.909691791291, 0.808991191129, 0.339137033579, 1.20670901031, 1.5949379521, 0.945277990437, 2.72153486235, 2.25260087297, 0.667927099561, 2.219051977, 0.786583633871, 2.02270077254
11.5074062445, 8.12812876185, 2.01983943472, 3.41624175037, -0.919976441908, 0.20094549741, 3.52116121268, 0.1581323317, -0.0546938374488, 0.727438425539, 0.689451994021, -0.654057057827, 0.67863570028, -0.528056424556, 1.3880151628, 1.08927007379, -0.107338473444, -0.918474077739, -1.33449326373, -0.304559620042, -0.0946598125518, 0.209298245977, 1.87948828941, 0.070965405661, 1.92047920844, 2.0271104057, 2.59332541366, 1.57419730022, 2.86785081335, 3.02105533951, 4.67459130853, 2.08043002612, 4.71901302905, 4.78905119611
19.5964915825, 18.745760876, 7.45682238982, 9.2036757492, 6.43075976988, 5.54857855621, 4.74924289588, 6.28860718435, 7.64293459992, 8.84609592546, 6.10485813205, 4.91495766053, 7.39185531886, 8.34940077046, 5.7776197487, 5.63833610589, 6.52294884984, 5.84676769426, 7.59163470576, 5.81535535633, 6.7085058724, 5.38077353865, 6.81237326792, 6.12365240784, 6.97846166034, 8.02419464041, 9.22351874187, 9.02210197746, 10.2277507627, 11.795089798, 12.8778450195, 8.87056489625, 7.20919842755, 7.85232035158
12.1287837292, 7.99189556392, 6.63619840015, 6.75245174365, 2.30445469445, 4.71130259266, 1.67137199754, -1.52612982966, 0.0960677805308, 1.51173296631, -1.21265414904, 1.65887819248, 4.28959795853, 2.80323559695, 3.552588878, 2.72490144811, 0.149189506608, -0.245223944362, 0.729474170523, 0.415095958783, 0.834372867964, 1.78431473493, 1.90243619375, 3.39209861813, 1.33919470657, 2.74722591536, 3.68930553178, 4.16634946088, 3.82632378113, 7.05077023063, 4.63349802582, 3.31018009922, 4.83111479957, 2.92856947949
13.3737544545, 6.01653484252, 7.98192578193, 4.76424062165, 1.14277971444, 2.45409777769, 2.54855939914, 0.697897325745, 1.02269811739, 3.20546991682, 1.47597857811, 1.81946504949, -0.407821322856, 2.30914929898, 1.033510805, 0.791652578373, 2.50108488122, 2.06169716634, 0.555582294935, 1.66661007544, 0.756087606074, 1.65975104727, 4.75085126569, 1.96200392508, 1.81233315851, 7.37437287849, 8.23418148106, 3.54318956537, 4.1935922403, 6.81710978755, 8.23157384892, 5.40956373958, 6.03961090112, 6.39562735027
11.6269379654, 7.09557055861, 7.56798260971, 4.19168575936, 1.06162555359, 0.606309901953, 4.58367474843, 0.242757675725, 1.56531144473, 0.301665461705, 0.675495168909, -0.121120531432, 0.726050814607, 1.117899244, 3.68757755874, 0.863396547941, 1.06575097697, 2.05607545601, -1.4768085176, -0.920761517721, -2.15745787587, 2.11750977286, 2.37317530414, 5.08051209468, 3.11526579885, 6.12007582996, 5.81002499369, 4.90200186963, 6.40077946712, 5.39673911705, 7.57201982506, 4.84548064513, 3.1820779829, 5.27798876071
7.56406461307, 2.94239571712, 6.76317141631, 0.406534856341, -1.40075651524, -0.372948308308, 1.06253258658, 0.534304602269, -1.25767770324, -1.58315184087, -1.0042800872, -2.5584796015, -0.573032875658, 0.62633243691, 2.88534305087, -0.0461789574453, -2.42507223281, -2.61608127559, -1.67112516209, -1.01045614341, -2.92691523588, -0.367394226362, 1.65932646721, 3.63813112784, -0.380657892168, 1.5381647191, 2.71282021583, 1.8292383069, 3.99991335344, 6.02009310212, 2.2227047786, 3.27290657009, 2.40176430875, 1.26731248095
9.19600121351, 4.786492649, 5.603316596, 1.06984665175, -1.97151748594, 1.53255595668, 4.50318524271, -0.52551929826, 0.627470065033, 0.906632519661, -1.07512627585, -0.720156227953, -0.075268681157, -1.48559351796, 4.04742978741, -0.184937329095, -1.1807663948, -2.71399889826, -0.736403530032, -1.18815209991, -0.478337786422, -1.7211407902, -1.61868730682, 1.35282921045, -0.662150333903, 1.73280523132, 1.61943965327, -1.53177888933, -0.570535636292, 2.07199396182, 3.19193179575, 1.46600391139, 0.725754454419, 2.99833886374
16.9142163665, 17.3228008467, 15.9249143192, 20.5789383762, 17.0283706712, 12.8572497685, 6.46588076711, 7.78434982564, 12.7383134824, 7.89304155197, 8.76118246984, 12.1809811643, 8.27510935839, 8.48791124903, 6.18712782618, 7.6489570494, 7.1049720897, 6.63802348417, 4.36393097674, 7.86962354328, 7.36535937775, 7.47634281733, 8.61308574536, 8.82331636399, 10.9519195307, 7.34087177099, 10.007447957, 13.6966129953, 13.1441842523, 12.8677835464, 12.2818055239, 12.2683248264, 12.2154179194, 11.7231406806
5.95891708503, 0.957104845473, 3.77761579048, 4.86709998374, -0.289518917508, -1.18475267868, -2.3715326885, 0.755936812801, 0.347557443196, 0.0359803090323, 4.69558812112, 6.93857415163, 4.16176050039, 4.14516872137, 4.09552802619, 1.10887170453, 1.70703995388, 1.36260328253, -0.0053869205499, 0.533405569105, 0.134055284056, 2.91541426248, 1.97377235007, 3.99797443399, 1.27721844407, 3.01110025301, 3.62356773428, 3.00321036682, 2.08745366039, 0.155532209936, 2.43064030966, 1.1051450625, 4.32808565089, 1.72094553211
12.9338053259, 5.72696440673, 5.37304251876, 11.5383689203, 6.51432316712, 3.54716659882, 1.97141117423, 3.80923737759, 5.86680588227, 0.688174276056, 3.79725878534, 5.69686544944, 9.70391151893, 7.60501156086, 7.8113025539, 4.46366512006, 6.95244483219, 5.6864843567, 6.51723556615, 5.00810765301, 6.66529583745, 5.46005234112, 2.34254956805, 7.02070829939, 7.61587318472, 7.19514126456, 10.5028351887, 8.00142635286, 9.78057189443, 8.30295750221, 6.9659730133, 7.45357561511, 9.24121112318, 7.77677098797
5.09630123069, 4.84028084675, 8.90881367532, 9.81413539787, 6.34403078429, 0.236825871698, 0.767324350265, 0.526001731799, 1.32678016307, 2.48801007202, 3.14932767003, 6.09878330453, 3.38385117134, 2.54852303539, 3.80308775949, -0.396832405354, 1.88510720446, 0.612223389449, 3.15591155418, 2.50838383337, 1.86341968655, 1.50827031029, 4.56928468517, 6.58476825049, 4.59036567434, 4.86362308927, 4.35514267121, 4.46491640052, 2.02585711368, 3.11184195048, 6.93543818778, 6.48410063235, 5.54035614832, 4.84435935615
14.9485241071, 8.01468720274, 8.87277674627, 13.0619745062, 8.39311130218, 5.34822521027, 3.27359935423, 4.57569845892, 6.80100893024, 5.98682175619, 2.3712818469, 1.9606808599, 5.906690867, 7.0080792815, 6.95848065618, 5.50830499345, 7.34415803636, 5.2104562193, 4.33482704876, 5.31136823843, 3.47198987441, 2.92685674608, 2.72816113169, 3.43813153346, 4.43969273143, 6.8391746027, 9.77930483021, 6.48870267394, 10.6729725641, 6.67295958471, 9.72734327031, 10.3127756438, 9.64344593627, 9.75587927632
19.6914987935, 13.6643517968, 13.3473210407, 15.5489642677, 10.8786882619, 8.28883419103, 7.9881230293, 4.98982476349, 5.83922472415, 5.58397210004, 6.86250859436, 5.89830724042, 6.01769370761, 7.24558320207, 8.36328667453, 7.03620545477, 8.80817734026, 5.72476732958, 3.86356408473, 3.853389366, 4.28673405442, 3.65249619098, 4.02659636983, 8.36734125483, 7.05283816399, 7.22760407186, 7.95673449644, 6.17689792954, 7.33550350543, 8.62027604044, 9.535391741, 8.92565810092, 10.7840671494, 9.76597179948
6.18052793986, 3.56840833118, 10.6053347537, 7.35660396359, 0.889258978657, -2.81211175028, -1.06743346646, -0.902388080921, 0.818299308102, 0.691519890058, 0.254278416683, 0.386814647594, -0.868278587313, -1.82499614466, -1.11986388813, -0.593890031868, -1.91082288776, -1.14464887698, -1.52510443451, -1.8084094655, -2.13298406109, -0.537151380445, -0.0997765789692, 1.71548299866, 1.96243072345, 0.974650750245, 1.8132901028, 2.88614561328, 1.23200010362, 2.78790170784, 1.95557805088, 1.52558288641, 0.833924739635, 1.14656707892
20.0650105061, 16.998400945, 15.685805611, 16.2155337283, 13.0514652322, 8.7310763978, 10.9803634113, 7.48089853186, 8.50370427657, 6.41067768897, 5.20847044245, 5.33859923979, 5.80916886354, 4.72771152265, 3.90677382322, 4.622194992, 4.51027001228, 6.65530201368, 6.46707373496, 6.48464782445, 4.29921415646, 5.05076113281, 6.07380036596, 7.20890965008, 6.37478707335, 6.37172546071, 7.83050428684, 6.17049634194, 10.1848156323, 8.20624390197, 7.53406124805, 8.20006684775, 12.286799348, 9.94880281556
5.39799602409, 4.75230336474, 6.36531027008, 0.481917694852, -1.90010099031, -2.09648653994, -3.41135054124, -2.22398027347, -2.94387007194, -1.88183724977, -2.30035026725, -0.00485378051473, -1.49251798429, 0.9575195836, -1.93120391951, -2.89092090056, -2.75023673413, -2.37619275771, -1.72398943245, -3.4182302033, -1.59595548331, -2.69743651672, 0.128464821223, 0.0454865179449, -0.942353300827, 0.000442665053276, -0.476507297969, -0.622088271506, -0.462219921388, -0.732123503327, -1.31648145742, -0.334371439907, -0.0813777711333, -0.893972526085
23.4159554164, 17.1189089296, 12.2564631634, 12.0752163666, 9.9371982888, 5.93199289821, 9.06293278718, 9.2610497512, 9.44736248337, 5.4151770429, 5.61051226359, 7.87317591128, 8.34990773589, 9.52428176006, 11.6076835697, 11.7686111491, 11.1970361592, 9.69671498564, 7.71450912384, 8.28547177548, 4.3425133947, 8.43152970287, 6.22905273666, 9.92758992155, 8.61930093765, 8.28469473231, 10.7886738031, 9.66083218822, 10.3450277163, 12.475733262, 12.0041639855, 11.9367178703, 14.8425391148, 13.5734556684
6.00310374555, 7.64089955739, 3.35663364024, 0.341823441605, -2.07517179548, -2.03210228897, 0.0014862833113, 3.08531173601, -0.237183574405, 1.45141974362, 2.34001463258, 0.93861829937, -0.660291237163, -0.58192278134, -0.694460277832, -1.33903464808, -1.79403773755, -0.107391502269, 0.975504334981, -1.32136447256, -0.55403680325, -1.61423311015, -0.86241693796, 0.145406692585, 2.09417644015, 3.03141368229, 4.18235298932, 3.5758977014, 1.59589755501, 1.0686556312, 2.51029617703, 2.27509648345, 3.11168493125, 2.94119322191
23.3215283217, 18.4292499596, 18.4108884834, 17.2452991578, 12.7650103806, 14.7033875444, 16.9299401962, 11.0820620234, 12.706907247, 12.147929183, 12.470651814, 17.9551542041, 16.5370630189, 14.2699559219, 9.12871851535, 10.060400669, 9.12703911913, 9.91163416859, 9.96123760093, 11.2788518632, 12.6261629441, 14.2916732212, 14.121406409, 12.0624722914, 12.4946473224, 13.595115051, 15.7198649206, 13.77779281, 14.0199030202, 14.4166007998, 15.5396963351, 15.6947865809, 17.9896642727, 13.716745178
8.43393856071, 4.77740312032, 4.79428779894, 3.1472268984, 0.769782189165, 0.0998496080093, 0.0492382152173, -4.6579364676, -0.763739540508, -2.62645700886, -0.08347573345, -0.0196053842486, -3.45022911911, -2.61350206308, -2.58168578725, -4.10892774579, -3.29564272943, -2.37798339146, -2.65934306087, -3.04752135376, -2.65880448766, -3.17736457881, -2.79049905626, -1.76017383157, 0.256446429737, -0.703134366065, -0.517011669373, -1.94090464709, -0.151719645494, -0.0758912612929, 0.251030130721, 0.690514052624, 0.895085501049, 0.293992988438
13.6783610343, 8.86517029985, 7.40935026852, 5.52116629388, 2.01224364071, -1.71414198889, 4.9194289576, 2.52237812092, -1.48455505252, -2.96579971818, -1.08805712543, 1.70950341635, 0.312787296253, 3.37405845728, 5.31169848126, 4.45092708866, 4.32613229129, 0.371530569437, 1.81827408868, 1.35194752445, -1.48735353076, 0.524736888851, 0.201001791529, 1.18696244936, 2.48764887824, 2.38655593222, 4.02955425818, 4.37558827206, 5.33699953591, 3.61189939602, 5.08261090844, 1.59343027779, 3.66581831682, 3.0501384818
7.46205849107, 7.04987511014, 5.76745815161, 2.61966962373, -0.786137665546, -0.782227411838, 0.0603510700362, 1.05933921687, 1.56903893683, -2.16762577573, 2.3155273251, -0.653008277827, 2.14202846309, 4.89227413979, 4.22245076919, 5.36701323677, 0.866925728096, 0.997757735424, 1.57180961539, 0.963572438139, -0.519123535696, -0.440696330555, -1.10465588153, -0.989784748037, 1.16715936998, 1.42790911115, 2.91930645738, 5.15038386403, 3.28831086296, 3.67533048292, 4.96573632505, 4.14563988641, 3.25169362294, 4.25317558075
5.75820684146, 7.76845244902, 4.86571221975, 3.23323375725, 0.618201879686, -2.49837087774, 0.520619886315, -0.281029275466, 0.0642881738278, 0.530249666919, 1.99822374876, 2.29107865344, -0.377680113505, 3.04001476446, 5.32895027354, 3.41395547221, 3.54874680498, 0.745342855023, 0.902142161536, -1.17452659886, -1.6840969678, -2.36492313893, -3.04361448791, 0.529268657748, 0.00875100530928, 0.130060543778, 1.83936287457, 2.33537300451, 3.0960433716, 2.99751075909, 2.56338038035, 2.20382068054, 3.54530732048, 1.77922592023
7.72011116503, 6.06251764984, 4.77310878422, 4.40508613106, 4.3601540732, 1.82838717057, 2.77727928522, 2.75698495531, 0.61405250063, 2.55887981351, 0.865239741912, 3.98713060977, 4.38351424695, 3.96105627291, 3.4034297871, 5.93328294833, 4.55754264884, 3.8893444115, 4.34146730537, 2.8325013451, 5.71550009112, 7.51676823206, 10.0534791888, 9.78333744305, 10.6543040821, 12.1878673291, 10.3646932612, 8.66803255542, 7.95363925043, 7.63954083253, 6.69250925677, 6.97804865045, 7.35696607368, 5.83343388679
17.5989794538, 12.6712217876, 14.3569318109, 12.9801062052, 6.67202882348, 6.31676929101, 4.13144188497, 5.95693123159, 4.87395567443, 6.03331346035, 5.050983909, 4.81716461413, 3.9651665411, 2.51453149602, 3.88271287969, 2.94052848482, 2.35819587904, 5.59099276223, 3.42029238689, 5.00033724891, 5.40633665944, 2.72600078728, 5.57888672814, 6.23374739105, 7.00760549842, 6.27522248633, 9.26239577951, 8.96573098918, 9.07594981106, 10.8575232768, 10.1851316961, 8.88840831499, 9.89595921191, 9.51378604381
20.7126871539, 16.2567313132, 14.0076932612, 10.2829253409, 7.01032639737, 8.35345419957, 4.89831528793, 3.68784280227, 5.54716428531, 5.46052918597, 6.43764867834, 6.46507959737, 4.42360344022, 5.97761211311, 4.1028073011, 6.75246963285, 3.90607252593, 4.15775755694, 6.35150264482, 4.74754408188, 5.16351817603, 6.39375126309, 8.36543636973, 8.87939932118, 7.90138630809, 6.15258923153, 10.08903601, 9.39473753748, 8.15059637987, 9.65906015982, 10.6358453381, 13.0106490511, 9.673192298, 9.93103673601
23.6646651614, 16.3932103503, 13.3055008888, 14.509945908, 11.5991633431, 6.71385393049, 8.07451816812, 5.44330353626, 5.51294233151, 7.83023985239, 8.85424712016, 11.1515730468, 11.8558835416, 3.82554177261, 12.7836300753, 8.52497612283, 6.88118778964, 10.9527567382, 6.48241179812, 8.45574528114, 8.02039271119, 9.70369346429, 10.5189492473, 10.6033532122, 7.89158989521, 9.68343216363, 8.94359695178, 7.81662018732, 8.00460752552, 9.78315766966, 12.2048835402, 13.1294077909, 13.4036042636, 10.8413701388
7.08092638873, 5.38456124051, 6.14315777054, 6.86497376769, 3.71136916994, 0.00265245682585, 0.89108373814, -3.44015198228, -0.37585278365, -0.653486568319, 0.1057424391, -0.0772681962838, 0.884338072895, 1.4509921235, 2.24753159637, 0.287671745328, -0.304929876034, -2.69422640595, -3.24817402276, -0.705323748828, 0.58291423393, -2.47361934783, -0.56345828671, 1.33858283661, 0.061495199396, 0.912501384855, 1.40421551116, 2.66141752776, 2.70622309648, 2.89093174216, 3.57554966342, 2.76312457998, 3.10179097234, 2.98565183608
6.4407835432, 7.19114617304, 5.17454773229, 3.0784186402, 1.50445238439, 1.69455513453, 0.894060473004, -2.77691269425, -1.98957981963, -1.31720198674, -0.213840596139, 2.35933314194, -0.106731176852, 1.60449468955, 2.0700114902, -2.56318352909, -1.50955205052, -2.6107816827, -2.82035578715, -0.938423616891, 0.265001842893, 0.0691225098042, -1.31106921122, 0.629842406766, 0.0959110497791, 1.35273293749, 3.36347833106, 2.60531054306, 3.97013212728, 5.51445420857, 6.07563493548, 6.58249708319, 5.40678602756, 5.63380371051
4.10184983866, 4.79951764985, 4.66424074186, 4.6818969094, -1.00082985559, -0.8663498462, 0.893616615289, -2.14433168397, -0.894722267111, -3.1341079468, -1.08880713786, -0.922780585098, 1.52943490966, -0.129463872869, 0.0888274882452, -2.07719778634, -1.71773288984, -1.99727348005, -3.69309027604, -2.55293982772, -0.976545245887, -2.97409365627, -1.69767673804, -1.1586027408, -1.643593379, -2.68339946997, -0.620132898028, -1.58467749519, -1.63774213936, -0.529062759937, -1.02355354265, -1.64629809602, -1.22901136873, -1.36867827336
4.66681749989, 8.27491415081, 7.29358719678, 6.07911934913, -1.9444913875, -0.240639903228, 1.14206919962, -0.724576277868, 0.711356007566, -1.37505121503, 3.20670228731, 3.77881924777, 2.61515564415, -1.0025975361, 2.72762553186, -0.184390186217, 1.29775787304, 2.86624473125, 1.69741825737, 0.752550741708, 0.469305901096, -0.155952801497, -0.947813864998, 0.477879679593, 0.134390984763, -1.06083179304, 1.13197120465, 0.816954051157, 2.91194181887, 2.92639247969, 2.27199674755, 2.11961309349, 1.85476799912, 3.25130955733
20.3008227875, 13.7408255885, 9.46096208544, 8.25161964057, 8.07643979608, 3.78233462652, 9.79154016673, 6.05007610331, 7.38496329146, 11.6318826888, 7.52266821543, 5.82501197682, 10.8284948204, 5.82670419296, 4.68945430014, 4.79068358739, 3.42995661311, 3.32878265309, 4.5562509264, 4.08239674038, 2.82246072952, 2.67393494745, 6.32102407734, 5.91779361566, 4.28436198712, 5.07385436637, 5.76349365364, 8.3114804352, 5.19643107223, 7.42582782047, 9.06470805828, 4.61903906565, 10.349197253, 8.79074699015
11.0736607416, 9.43627380934, 6.92052056482, 2.02379042691, 2.38145626264, 2.37587895912, 5.14181726994, 2.99200458337, 6.70737747984, 4.0527520254, 4.51344153671, 7.90532056422, 8.14150181123, 6.1682064013, 5.1110564613, 1.47450743658, 1.98470169627, -0.809936925068, 0.47710904338, -1.00837005828, 0.435866252462, 1.46170082814, 1.22058786456, 0.284586159224, 0.550010414305, 2.92872441047, 4.0134637326, 3.85318915349, 4.60790797654, 4.85006285718, 6.16087618444, 5.65275842761, 4.02449511328, 5.90507518749
14.0667821317, 7.69318108762, 6.50541159364, 3.9700745992, 5.85366106376, 4.85770857348, 5.36606286312, 2.74754011864, 0.178428084518, 4.07738175773, 1.98555826174, 5.60392075216, 3.01970763238, 3.15716564939, 6.42423805712, 3.91638796076, 5.32881952555, 2.75639856508, 4.14429952121, 3.261687597, 5.60165100549, 2.36182077713, 1.97070287834, 1.75383894348, 3.58012789794, 2.90015071035, 5.77217562252, 4.07839297204, 4.69448381718, 7.84869681831, 7.20464736011, 5.6121107924, 5.36581672698, 5.71170586569
21.0346311173, 13.9275353311, 11.3304070647, 10.9762262035, 9.89712987632, 4.44267064127, 8.77321442655, 8.66033151225, 6.23989070426, 6.83787721108, 9.73077165656, 3.91972181367, 4.9251456664, 4.19815794313, 6.4202982582, 6.86512300963, 6.9163510023, 5.11598973463, 6.37361018468, 6.03409755111, 4.87412227951, 7.04010464832, 7.65208566741, 9.07164872045, 6.70342966156, 7.60660366791, 11.2365135283, 9.09602957713, 7.95770824084, 8.78414201602, 6.79271466575, 8.77471273614, 9.10953777975, 11.9324419503
8.58350951616, 9.87200958555, 8.89138963102, -0.125293139098, 4.5865377733, 1.61057857864, 5.5533505877, 5.31100468944, 8.27267741661, 4.69214371927, 0.838064923761, 4.75882256103, 7.57870947846, 8.43432779781, 5.06971514837, 4.67492549013, 4.00626348846, 6.93604394154, 4.66818347185, 6.3736155248, 5.85347843171, 6.49607367485, 8.58801221838, 5.86186182991, 5.70302766728, 4.85534580072, 8.34319223947, 10.4854556636, 10.0061274114, 7.27771446689, 8.08022029036, 10.9625007331, 6.98382484135, 8.74960391909
11.9770057942, 9.64878046517, 6.24990494186, 7.44916123361, 5.61218986956, 2.62989548625, 5.17191725536, 0.521563209825, -0.722590857668, 1.16018823599, -1.19447680561, 0.900047802612, 2.62484427941, 5.3111851783, 4.31582219991, 4.80407056344, 4.49390251222, 1.91656147901, 2.68271145483, 4.34456806823, 4.1851711102, 3.73171226892, 2.8729892049, 1.74167899469, 3.42450453679, 5.17181664706, 6.24367694181, 2.33662257, 2.94859198777, 2.03880292206, 4.21412199216, 4.60080997724, 4.68510549721, 4.92908713141
12.4999993933, 10.9504332779, 6.61852780087, 7.22011733105, 10.8953018691, 2.8794378005, 4.58433514601, 5.10927183943, 4.70173719603, 6.19247971131, 3.73727633394, 5.16792305116, 5.33623948869, 4.49678053149, 3.68454010293, 2.38720624139, 5.0975852748, 2.83268184992, 1.34476459402, 4.68783187233, 3.20470251957, 3.72524833312, 5.39517868741, 4.94556959083, 5.44323230473, 5.23798143863, 6.43661338167, 5.97352411295, 5.95333958368, 5.6760769258, 7.0206714706, 3.63257069017, 5.60546685649, 6.56373226614
10.6819975727, 8.26093417642, 7.06142539718, 4.867911532, 8.51941400332, 7.42656158536, 5.53912048633, 4.18780343436, 7.40653605811, 7.07919343231, 2.82808901456, 4.40316596906, 10.1497174999, 5.8167409524, 5.34457514156, 5.46575308342, 4.42707740239, 0.192431130956, -0.328907591421, 2.21294611926, 0.960929412713, 0.603404232508, 1.82929656828, 4.19965497363, 2.76182783174, 2.90943664459, 3.7732206904, 2.58699358751, 3.63522317377, 6.27560189426, 5.88634754607, 4.43508690197, 5.58007393809, 6.24423352794
8.96374492281, 8.25142680838, 5.93157019869, 2.94078794623, 4.61380886256, 2.71715782662, 3.21631955345, 0.183878607984, 1.6290227932, 1.23322925093, 4.24659294613, 4.79070646284, 6.36680206696, 5.02493631959, 1.88044573096, 1.32420466375, 2.05019756129, 1.16992456891, -0.419036035571, 1.04952657106, 1.78165420692, 1.13078278083, 4.446891982, 4.12258398156, 4.13671140157, 5.26178331068, 4.71676287291, 7.63224689299, 8.3075448454, 6.27163613955, 6.90831131802, 5.89221778045, 5.46378434601, 4.03698624741
9.93556988662, 4.69209041884, 0.801721147942, 2.80968123732, 5.10200686341, 2.17894464689, 5.28431684119, 2.61451247501, 1.88608585755, 0.110934864099, 1.4074954189, -0.91826525248, -2.83651796402, -3.77633287172, -1.14622783575, -0.679741487518, -0.344377935934, -0.91901436856, -0.291440678273, 1.41556288787, 0.0381598871702, -0.180758333795, 1.34306382951, 0.977555895514, 1.3308559923, 2.3639605653, 1.88935353857, 2.11781695142, 3.77287892566, 2.20127656068, 4.1963958541, 2.15438917485, 0.615561080772, 3.78154186341
9.59355667067, 5.46825931754, 3.44760209583, 1.05092640381, 3.85265425109, -1.14997928519, 2.83829745352, 0.129641858725, -0.449077860522, 0.0280593971904, -0.429204252002, 0.258192430992, 0.0809026236166, -0.678626473885, -0.118424831511, 0.964901742221, 0.583546120286, -1.70867301953, -1.8408868159, -2.88553666028, -1.4790888758, -0.0986741100474, 0.170265458173, -1.33856379346, 0.278634971611, 3.3011717594, 3.12360523348, 3.73673415456, 4.86435223656, 4.33330904458, 3.52764879115, 1.5806141399, 0.840174176307, 0.520305291161
10.3143448056, 4.89144475247, 1.20163363034, 0.730488018194, 2.7292827408, 3.95267660672, 5.9263004884, 3.92083625578, -0.362691843447, -1.87598752872, 2.22696225938, -0.804500629368, -2.40003559905, -0.433183151374, 1.2787782228, -2.66752805333, -1.79405147227, -1.81157115823, -1.40767168526, 0.969791093387, 1.38330851233, 1.3388482954, 2.34575707221, 1.80226779372, 0.665460025909, 1.24399560602, 1.08810285804, 2.18405747211, 6.31143248667, 1.16802123446, 4.79473504072, 3.5182662259, 3.55172704712, 1.99936367171
10.8753438701, 6.78871295076, 2.8608180133, 0.892093930091, 1.22787595413, 3.49103520485, 4.64280099725, 2.03422941766, -1.08695986436, 0.0314045366999, -1.24690317821, -1.0615969959, -2.55591299177, -3.06378172684, -2.57282419336, -2.22420247747, -2.72249863946, -1.02266430795, -1.38140258439, -1.469086951, -0.995854330758, 1.18628924417, 0.377793420785, 0.755001560484, 1.73108672172, 3.29317507979, 4.26161864285, 1.65005584303, 4.65761670269, 5.49826035238, 5.89947190851, 5.41426643166, 2.59701091392, 3.0082405558
9.81671725314, 4.41777810303, 1.46022847045, 0.638928575769, 2.1947493678, -0.518899184178, 1.16563573798, -1.365955883, 0.202669336555, -0.37356274496, 1.90344603148, 1.00087354855, -0.00869502373071, -4.05994877956, -0.476521332973, -2.48973374167, -2.85905828438, -3.30271697355, -2.93894177767, -2.48885151833, -1.46179848232, -1.80964523926, -0.503689684013, -0.420739555317, -0.790774140684, -0.493103921234, 1.16419093569, 0.40311991335, 2.22044750243, 1.69005375021, 2.11330746347, 2.86662156236, 2.17277234163, 1.69247866405
7.35147574649, 4.40342796572, 1.70202107641, 0.885791846902, 0.943785594182, 0.225617960231, 0.781150717787, -3.01734875622, -1.24366187494, -0.515376717758, 0.473568975289, 3.02285441323, 1.3190534612, 1.66802123337, -0.946303103183, -2.10243405445, -1.19779524873, -1.89657719015, -0.145080786381, -2.67943032904, -1.73515356034, 0.0540660413205, 1.83122516304, 2.20604868231, 0.245891150747, 4.835201605, 2.50759535252, 3.07688541431, 4.47194664535, 2.97186184873, 2.74379911324, 3.85047977174, 3.73189113253, 2.92593748896
7.36654127208, 5.57919784365, 4.79610288592, -0.300443306356, 1.6075877488, 0.279277820067, 0.90106952788, -0.266597127983, -0.406726820793, 3.39145776852, 1.29383064839, -1.42913771339, -1.53676874667, -1.12364531229, -0.989313995965, 1.82934657669, 0.958537364982, -2.03920327634, -2.4291480841, -1.66198804243, -0.0887765173185, -1.63412316427, -1.268126698, 0.918997670265, 1.34177712966, 3.32948143854, 2.85036428104, 3.42052331247, 2.8473209333, 2.3433507229, 2.67866237862, 1.81620478227, 3.08799395208, 5.04138669497
8.59421878017, 5.23993063187, 3.52100846482, 1.30115399981, -0.39360646014, 0.407527072612, 4.4198453679, 0.142042204199, -1.06052844374, -2.22661973303, 0.614653214263, 0.621134549905, 0.390771027627, 1.06138896881, 1.77757734045, 0.659306325336, -0.56254790248, -1.93309413182, -2.99688912588, -3.04473930074, -2.91589338226, -0.130794006788, -0.818956416021, 2.77501591918, 1.79768975742, 4.74773302311, 3.40283930928, 2.46510585811, 5.25711917038, 3.43662533187, 4.72793560815, 3.93456097437, 3.46525628085, 2.52492281894
8.25768808165, 5.02663516411, 3.45677511355, 2.38936251019, -1.09063112135, -1.45727483815, 0.319325769766, 1.64835903456, -0.80375317168, -1.39522291441, -1.03664195961, 2.0990010353, -0.184843790068, 0.618999048514, 1.36229380523, -0.154040324477, -0.966733655445, 0.607311609329, 0.634676245734, -0.217274070183, 1.42018701912, 1.0304968754, 2.00611743256, 2.42256597674, 1.04411142196, 2.06095239621, 4.04151080394, 3.70536470764, 4.14169155823, 2.80148067464, 5.96698478355, 3.64424834487, 5.19310363844, 5.79987270603
10.8188666518, 8.68282564674, 7.53051574855, 4.51207509558, 3.50277641445, 1.99121392177, 1.49028800315, 4.5667574233, 1.02029639893, -2.21266279749, 1.66489615426, 2.71024310234, 1.72742516025, 0.098594037703, 0.951557488833, -0.285376008974, -2.12106901027, 0.841674236612, 0.938926145103, 1.87894630405, 1.872199561, 2.15356286304, 1.68736091245, 0.999594578304, 2.02220247327, 2.88757974236, 3.95886837338, 2.15161540765, 5.90310625337, 4.19635403891, 4.06461179701, 6.49033668668, 5.51547559752, 4.20649581954
11.942090045, 9.09956844559, 6.76674719478, 6.44800914445, 5.94373461002, 2.65280524919, 3.59979796452, 2.15917813048, 1.69707802017, 0.272981727636, 0.216218343496, 2.56209814753, 2.02733083579, 2.48093963867, 2.40356807557, 0.529904272359, 3.88144052272, 1.2652988574, -0.229961259429, 1.3412489139, 2.22649323723, 5.95008619432, 4.47195139958, 5.17042425117, 5.62307175634, 6.96921833233, 6.98230538354, 6.75755126419, 7.65752181592, 5.24089794052, 6.50355322722, 7.31026616899, 7.77471185941, 5.9216915884
14.5355415342, 15.8919270259, 9.47631833687, 6.36814665542, 4.11793572605, 4.16204588454, 5.091801143, 2.06962763593, 2.35316605607, 4.9265347045, 4.29057934888, 4.9001547862, 4.00178479595, 4.6589334962, 7.51383345104, 6.65250603262, 1.22719743686, 3.94590671791, 3.36799373475, 5.35343250655, 3.94497057621, 6.60324280575, 5.62032856027, 7.89062644376, 7.88172571559, 10.3317924964, 7.60703797157, 7.12534665115, 9.89498040997, 8.74771751106, 12.4126151627, 9.02891097995, 10.2049921854, 7.11929672677
8.33016742131, 4.94745747525, 0.923657473645, 2.25463770621, -1.86875724906, -3.07006066515, 1.10609140567, 0.952831109708, -0.552621681634, -1.78860872134, -1.92345509533, 0.79603072129, 1.01252524942, -0.89301410647, 0.678856505581, -1.2729390286, -0.318493704347, -1.98223689544, 0.813413426086, 0.445065162073, 0.385754572636, 3.70624830556, 2.15574452926, 2.77839837727, 3.09136553651, 4.01851222821, 3.78118051097, 6.12278494089, 5.51610014979, 3.64082519534, 5.56735026052, 4.96199029277, 5.04056720564, 3.71097354228
7.05885087272, 3.0024362748, 1.42500588752, -0.163758666523, -1.27666521394, -0.252086125782, -2.09000342976, 1.29525692573, 0.378413111961, -2.6298122172, -2.55023755148, -1.58026826766, -1.12445755805, -0.595835332745, -0.235008534208, -1.90869114129, -0.475071463377, -4.32469016071, -2.93229276093, -2.35704005287, -2.88384215492, -1.3607152701, -1.89974356931, -0.847151510307, 0.514192671719, -0.723009978055, -0.879107793327, -0.336145031432, 2.43306302848, 2.13436614974, 2.82670241285, 4.22420833, 1.55483000655, 3.01038604838
6.9708489508, 5.42773079499, 2.74938008979, 1.67525659724, -0.62508532896, -1.15202519374, -1.05926025722, 1.82899223121, -1.94511901016, -0.998380479021, -1.32749656866, -1.49640460204, -1.02416861748, -0.607673558724, 0.18317653679, -1.8227384636, -4.00343110807, -4.31450790963, -2.5503929466, -2.72844084513, -0.890003239131, 1.13070495471, -0.0937960988677, 1.75097758739, 0.254171407956, 2.87640352799, 1.66999107851, 2.01212350079, 0.607451087442, 1.03597776983, 2.22443800211, 1.11962818982, 1.51024851518, 3.22625892418
6.18993056718, 1.74333542707, 2.96013357427, -0.648083065993, -0.418865440192, -0.730834211365, -0.306660400577, -3.60065188659, -1.69013198071, -1.5870614241, -3.59235610748, -1.96667667148, -2.48477986793, -2.78999733373, -5.60141024472, -4.63416865012, -5.74602713402, -5.96533036687, -5.83257503517, -4.35450397965, -4.24102162318, -2.69410332647, -4.86067022802, -5.54326733094, -5.62704897573, -3.63118405449, -1.9337511894, -1.78556468492, -3.32133601833, -3.84373726819, -2.27523972852, -2.94658991468, -1.57124329487, -1.78046658279
5.91125432822, 4.06636826989, 2.78768741501, 0.951569234988, -1.13686884141, -0.747435831611, -1.00705849212, -2.8799454374, -2.84833846656, -2.72242677735, -2.01257432726, -3.58681460722, -4.01477217441, -4.60308125196, -4.88692357542, -5.50397103562, -5.80016414898, -5.5548587452, -4.95761441237, -6.5378545907, -5.80114440361, -4.73198361003, -6.04410441098, -4.33314913073, -5.80906166412, -5.34921173259, -4.76690928587, -4.81193788863, -5.04364022756, -4.35607184992, -5.38094421216, -4.37270867561, -5.02591623062, -3.82830183315
6.5510960298, 2.53267127013, 2.6312560494, -1.94771867742, -1.76649808065, -0.472863204181, 0.695444873183, -0.952486202518, -2.69923451838, -2.10953656508, -2.98392513094, -2.60483795534, -0.864289491877, -3.45655001689, -3.42032156919, -3.57990787377, -3.19812537758, -4.44554675141, -4.65776274941, -3.84912699832, -4.00313005936, -3.34253368897, -4.21887160014, -4.34639559338, -3.29085446199, -0.42389377469, -0.915110209723, 0.0361792801998, -0.744295042516, -1.40275956902, -2.95611947923, -1.52666782492, -2.0065837066, -3.00148813295
14.366900845, 18.8579268951, 8.93609181823, 8.40976438421, 8.08318939806, 6.98771506099, 8.51885508738, 7.50019255449, 3.08964642874, 0.888384341683, 3.02828227805, 2.59583297944, 1.88315642605, 8.04609502581, 6.74678428813, 2.7683843952, 2.63967250782, 2.18204476848, 4.34683747988, 4.42886081225, 5.26072723963, 6.38459422282, 4.48476442177, 5.76731582649, 7.18165875925, 6.99075231631, 5.55507887699, 9.19007089756, 6.61226107976, 6.25205965008, 8.72208509927, 3.80261175905, 7.55451202963, 6.9438034997
6.37635960685, 7.51349731098, 1.76421150068, 2.57744352438, 3.94479262276, 4.80968964495, 4.65514323914, -0.0556276807677, -0.650904387746, -1.1760565996, -1.18237798131, -3.03463776225, -2.24768982837, 1.22400008655, -1.20034693523, -3.73087843638, -1.92026178104, -0.682098503828, -2.48646338897, -1.03370973421, -1.01555742051, 0.145560839497, -1.66481948651, -2.11413739789, -0.0938079492882, 1.44205696083, 1.75495034836, -0.383715936708, 0.409545754496, 1.64544031387, 1.72615530482, 3.6323210592, 3.19576239023, 4.63499810352
7.0911736046, 3.64367854905, -0.981768177495, -2.52168237285, -3.9833698446, -3.12824215397, -3.44629616011, -1.32015589491, -3.81703946701, -4.22450027864, -4.43227802422, -2.87897512996, -1.85921322525, -2.28415256302, -4.73643721827, -5.9882278515, -5.84543122344, -3.08133820346, -4.48601733319, -4.44065826053, -0.995856341074, -2.07201050634, 2.05557703838, 4.52358696405, 9.93256835082, 6.3847401164, 7.79942195239, 5.05595793709, 3.12795272751, 5.30339431789, 6.92235785074, 7.97640343419, 4.46564665418, 7.64990036219
10.5606665265, 10.40117034, 7.30578755878, 2.93833359292, 0.935837430789, -1.058638077, -0.676127670798, 4.56510726287, 2.90510297325, 0.934436385541, -1.60456301683, 0.908862617114, 3.0910675595, -0.40770692347, -1.78674182154, -0.563798203399, -0.908395946262, -0.916936354889, -0.632635665883, -2.05054358814, -0.96270799252, 0.0897523237172, 2.05743258484, 5.01931123131, 2.57794265028, 5.17524906593, 5.73257968229, 2.906604207, 3.35443803506, 3.06354662327, 3.35550074827, 3.25838303933, 2.95610287576, 4.18468409257
21.1122121142, 17.9307104911, 13.0879402197, 11.4940451745, 5.37599928353, 5.41693405544, 5.18116148423, 4.7270997696, 7.67532678775, 5.10580578825, 3.23549624346, 5.24072801647, 5.54111613644, 3.66187062073, 3.12772797272, 3.11037885512, 4.07151880847, 4.60393019344, 4.41715667194, 1.94029288102, 5.97647596814, 4.85504369121, 4.21158255136, 6.29518298355, 4.96794398874, 7.75452981191, 10.3666178804, 8.43194020503, 9.57879971558, 8.79667860567, 5.58051090096, 9.52835910814, 8.03116252673, 6.16681707585
